# oST version 5.0 parameters


[image]

width
640

height
480

[narrow_stereo]

camera matrix
439.255087 0.000000 301.737873
0.000000 439.430328 267.942844
0.000000 0.000000 1.000000

distortion
-0.026410 -0.061692 0.004067 0.002073 0.000000

rectification
1.000000 0.000000 0.000000
0.000000 1.000000 0.000000
0.000000 0.000000 1.000000

projection
423.060333 0.000000 300.651569 0.000000
0.000000 431.015778 270.254434 0.000000
0.000000 0.000000 1.000000 0.000000
