('Wrote calibration data to', '/tmp/calibrationdata.tar.gz')
D = [0.1627322996688074, -0.1650145768687133, 0.008211182076061706, -0.028930870037189266, 0.0]
K = [1094.1702034248997, 0.0, 256.58643563910624, 0.0, 1073.7275377871583, 269.55756594188125, 0.0, 0.0, 1.0]
R = [1.0, 0.0, 0.0, 0.0, 1.0, 0.0, 0.0, 0.0, 1.0]
P = [1103.901123046875, 0.0, 248.86611259701385, 0.0, 0.0, 1099.7266845703125, 270.3081033018516, 0.0, 0.0, 0.0, 1.0, 0.0]
# oST version 5.0 parameters


[image]

width
640

height
480

[narrow_stereo]

camera matrix
1094.170203 0.000000 256.586436
0.000000 1073.727538 269.557566
0.000000 0.000000 1.000000

distortion
0.162732 -0.165015 0.008211 -0.028931 0.000000

rectification
1.000000 0.000000 0.000000
0.000000 1.000000 0.000000
0.000000 0.000000 1.000000

projection
1103.901123 0.000000 248.866113 0.000000
0.000000 1099.726685 270.308103 0.000000
0.000000 0.000000 1.000000 0.000000



/home/ivans/pi_cam_callibration/calibrationdata/pi_cam_3.yaml